    100
    100
    2.3700    1.0000
    1.3700    1.0000
    1.3700    1.0000
    1.3700    1.0000
    1.3700    1.0000
    5.3700    1.0000
    1.3700    1.0000
    1.3700    1.0000
    1.3000    1.0000
    1.3700    1.0000
    1.0700    1.0000
    1.3700    1.0000
    1.3700    1.0000
    1.3700    1.0000
    1.3700    1.0000
    1.3700    1.0000
    1.3700    1.0000
    1.3700    1.0000
    1.3700    1.0000
    1.3700    1.0000
    1.3700    1.0000
    1.3700    1.0000
    1.3700    1.0000
    1.3700    1.0000
    1.3700    1.0000
    4.3700    1.0000
    1.3700    1.0000
    1.3700    1.0000
    1.3700    1.0000
    1.3700    1.0000
    1.3700    1.0000
    1.3700    1.0000
    1.3700    1.0000
    1.3700    1.0000
    0.3700    1.0000
    1.3700    1.0000
    1.3700    1.0000
    1.3700    1.0000
    1.3700    1.0000
    1.3700    1.0000
    1.3700    1.0000
    1.3700    1.0000
    1.3700    1.0000
    1.3700    1.0000
    1.5000    1.0000
    1.3700    1.0000
    1.3700    1.0000
    1.3700    1.0000
    1.3700    1.0000
    1.3700    1.0000
    1.3700    1.0000
    1.3700    1.0000
    1.3700    1.0000
    1.3700    1.0000
    1.3700    1.0000
    1.3700    1.0000
    1.3700    1.0000
    1.3700    1.0000
    1.3700    1.0000
    1.3700    1.0000
    1.3700    1.0000
    1.3700    1.0000
    1.3700    1.0000
    1.3700    1.0000
    1.3700    1.0000
    1.3700    1.0000
    1.3700    1.0000
    1.3700    1.0000
    1.3700    1.0000
    1.3700    1.0000
    1.3700    1.0000
    7.5000    1.0000
    1.3700    1.0000
    1.3700    1.0000
    1.3700    1.0000
    1.3700    1.0000
    1.3700    1.0000
    1.3700    1.0000
    1.3700    1.0000
    1.3700    1.0000
    1.3700    1.0000
    1.3700    1.0000
    1.3700    1.0000
    1.3700    1.0000
    1.3700    1.0000
    1.3700    1.0000
    1.3700    1.0000
    1.3700    1.0000
    1.3700    1.0000
    1.3700    1.0000
    1.3700    1.0000
    1.3700    1.0000
    1.3700    1.0000
    1.3700    1.0000
    1.3700    1.0000
    1.3700    1.0000
    1.3700    1.0000
    1.3700    1.0000
    1.3700    1.0000
    1.3700    1.0000