    100
    100
    90   0.03
    180  0.03
    90   0.03
    90   0.03
    90   0.03
    90   0.03
    180  0.03
    180  0.03
    90   0.03
    90   0.03
    90   0.03
    90   0.03
    90   0.03
    90   0.03
    90   0.03
    180  0.03
    180  0.03
    180  0.03
    180  0.03
    180  0.03
    90   0.03
    90   0.03
    90   0.03
    90   0.03
    90   0.03
    90   0.03
    180  0.03
    180  0.03
    180  0.03
    180  0.03
    180  0.03
    180  0.03
    90   0.03
    90   0.03
    90   0.03
    90   0.03
    180  0.03
    180  0.03
    180  0.03
    270  0.03
    270  0.03
    90   0.03
    90   0.03
    90   0.03
    90   0.03
    90   0.03
    90   0.03
    90   0.03
    90   0.03
    90   0.03
    90   0.03
    90   0.03
    90   0.03
    90   0.03
    90   0.03
    90   0.03
    90   0.03
    90   0.03
    90   0.03
    90   0.03
    90   0.03
    90   0.03
    90   0.03
    90   0.03
    90   0.03
    90   0.03
    90   0.03
    90   0.03
    90   0.03
    90   0.03
    90   0.03
    90   0.03
    90   0.03
    90   0.03
    90   0.03
    90   0.03
    90   0.03
    90   0.03
    90   0.03
    90   0.03
    90   0.03
    90   0.03
    90   0.03
    90   0.03
    90   0.03
    90   0.03
    90   0.03
    90   0.03
    90   0.03
    90   0.03
    90   0.03
    90   0.03
    90   0.03
    90   0.03
    90   0.03
    90   0.03
    90   0.03
    90   0.03
    90   0.03
    90   0.03